nbStation 36
nbDeparture 15
	
Index	X	Y
1	-17.3740	-14.4920
2	-11.5670	-15.8000
3	-6.5850	-11.8550
4	-2.2590	-8.9440
5	-1.4490	-2.2475
6	1.4011	0.5191
7	1.8280	7.9820
8	0.7660	14.4570
9	4.0310	18.9760
10	9.2650	17.9940
11	16.0060	17.6900
12	-18.5500	13.9740
13	-13.5540	17.8920
14	-8.2020	16.5080
15	-5.4380	10.3720
16	-2.5172	2.0000
17	8.7370	-0.4340
18	7.6000	-8.5140
19	7.3560	-16.4360
20	13.1570	-15.9140
21	17.8320	-12.3930
22	-14.9150	-4.2730
23	-10.0110	-2.9950
24	-5.5360	-1.8910
25	2.6805	-2.4376
26	7.2260	8.4860
27	12.2850	10.2240
28	17.7750	10.2630
29	18.1160	3.1920
30	-18.9680	0.4830
31	-14.8510	8.0860
32	-8.4950	6.7470
33	-2.3520	-17.7420
34	2.8080	-13.8030
35	11.6760	-5.2000
36	15.0560	-2.3660
	
LINES
1	2	3	4	5	6	7	8	9	10	11
12	13	14	15	16	6	17	18	19	20	21
1	22	23	24	5	25	17	26	27	28	29
30	31	32	24	3	33	34	18	35	36	29

DEPARTURE TIME
0	30	60	90	120	150	180	210	240	270	300	330	360	390	420