Customers 150
Drones 44
Coordinate X 		 Coordinate Y 		 Demand
4.4831920498	-7.4817891450	2.7436564125
4.6710528139	-0.5294771046	1.4166365340
-9.0375076231	2.4910869659	1.8602119949
-2.9357862007	4.9979122267	0.5605324400
-3.6991109704	-9.4642920958	2.5743888668
0.2367605564	3.0969572940	1.9296695675
-5.0892118751	7.5389900762	2.3401002047
6.2826307461	-3.1249976516	4.6652119510
-6.3062151887	-0.0447344725	1.8343935388
2.9802287170	0.4180391078	0.2150506887
9.3299610476	5.7779799524	1.2218611786
4.0608463642	4.1331360280	1.6656346497
9.2012125297	-4.7901223879	1.2066177323
-0.9123192745	2.3284111983	2.2205845474
9.1517351203	2.3597986064	1.4460679548
-1.3514291934	-8.1413171653	2.0346356151
6.2887952450	-0.7057892626	1.4449600458
-4.4344187319	-4.3350849688	0.0184061584
-9.9730918007	8.7716042418	2.0489561357
7.8245562084	-9.9644083036	0.7135148371
-0.4214522103	-3.0121285196	2.2870571001
-6.0722309610	-0.5818650034	0.4504531999
1.0945188527	-7.3392005856	1.5206546825
-3.6272072724	7.6085016803	1.4157270492
2.6571057907	3.7817974052	1.4399514089
-6.0392834451	-0.8529256528	0.9127911994
-9.6708637294	8.3629862288	0.1575571536
8.6368314264	9.7489791028	0.1602779344
-6.5379251366	0.5077748652	1.1689842191
-2.4330854986	9.5969515782	1.4285498526
-7.5337254074	-1.8669548563	0.1588332943
6.1522290758	8.3248751550	1.8745839738
7.2465126451	3.6710784019	2.2354808191
2.6863780759	-4.4798778318	2.4657429731
9.5059335930	-5.9206618686	2.2170818527
0.3571195027	-4.4271865664	1.3039724271
7.1215277211	1.4862408308	1.2333007993
-2.7037155811	0.7001294040	4.2852565081
-6.2057365137	-9.1989606801	1.0005493332
-9.6190892657	-9.0262017135	1.9778220230
2.1770081120	5.6159404547	0.0479279300
3.4887272739	-4.8211250967	0.6550643849
3.6833540029	-1.2714129905	0.2449341842
-4.0888951894	-8.6680475330	1.9823444515
3.1804758926	8.6130216450	2.7193517869
1.6266045233	-9.3130835661	4.3095187231
1.7691514603	8.1672655558	0.3007203525
-4.8617536250	-5.9436238016	0.2900063428
5.8540615371	-2.9343665550	0.8178645628
4.5776244433	-5.7231077149	1.0107020766
5.7074977204	-5.9560925653	1.7261330654
-2.2210084514	3.6461322697	4.7761467330
-8.2703920276	-9.5545011404	2.4927839857
-7.9735590401	-9.8399318328	0.2879638609
1.6082944592	-8.6432778052	1.3356240177
3.1773061783	-8.6216432862	1.5089057200
-3.4181011726	-4.3406960465	1.8378868909
-5.1350890968	-0.2539905291	2.4308764832
-9.9922059084	-8.6717475547	0.3579416194
-6.5162147373	-1.8005056754	1.5541176818
-3.5599904630	7.3032161476	2.0560970168
-0.3395197376	9.8853805260	1.7206677818
-5.5809851835	8.2614507709	1.4857678521
-8.0868988436	-9.1803402437	0.7257462749
1.1767859190	3.6205244088	1.8212678455
3.2026897559	-0.6841337615	2.2112723370
2.4602808273	7.0988851732	2.4194957921
-3.9204264523	1.0101207801	3.7374492630
5.6764467990	8.1624086383	0.0377802163
7.1278120858	-6.6887792723	1.9640267261
9.5618866415	1.6850672256	2.1551476351
-3.5891344680	-1.8960898971	0.8104654600
8.5803099354	7.1518270795	1.4692810441
2.6216073146	-3.4665598698	0.9640055715
-4.7491122114	-6.2680915416	1.2664334241
9.6398065260	4.6995614292	1.7611683237
8.6106461641	-7.4494637984	1.9865621932
-4.7997906696	-5.9119405771	1.4679984762
2.0140147236	2.4872958805	2.4309504274
-2.6256628954	5.5679678276	0.0540177618
8.4726580364	0.8292312861	2.1845800470
-0.4308662874	-9.2174233082	1.1476485488
6.7387151833	-4.8932009913	2.4505230721
-0.2544193212	-0.2376314885	1.6613119960
-3.6654219665	-2.5591870682	1.2984099857
-5.4395895726	-1.4119997730	1.4831029708
-5.2676829122	7.7284975250	2.0156835268
-5.8659605196	5.9314594155	2.3656422620
-5.1140988908	-3.0032212664	0.4095770270
8.1478450767	2.3035212758	1.5411264885
6.3193186914	7.2509359707	1.9642929888
8.9739167915	-9.1643731787	0.2804796988
7.9737344241	9.1467399851	0.4684376384
2.5403999103	-6.5756876951	1.9144257239
6.0168046440	3.8142023464	2.2843033598
2.6355622893	-8.9336904526	1.7422711694
-5.1827251473	0.1610626611	0.0898217094
9.3537045832	2.2124494289	1.5454363731
4.2879860231	3.9841334508	0.1106599620
-2.6139563647	-2.0315164073	1.7714104371
1.8004129201	0.2166349146	0.6647253972
4.8596893590	-2.0290387565	2.3006221108
1.8738641899	-5.3603585557	0.4663443439
-1.5721570323	-4.2337273389	0.5559925217
1.8424594453	6.3857588530	0.7623804332
-4.6856570080	7.5209994403	1.3399357567
6.7030218952	7.5631710238	0.9975582386
8.0156781485	2.8916823329	0.9085722274
-8.6530019820	-8.6718344494	0.8312582637
2.3635987167	1.8821399980	0.9179209548
-6.6204614932	-5.2657236663	1.9530478351
4.6514486154	6.5164627986	1.0018363191
-5.2711374338	7.6861582153	1.2692147738
-1.4726589564	1.1558028785	1.8664544611
-4.7509713878	4.3263261038	0.1575685692
-2.6426931172	0.2870913658	1.4109159061
6.5192401613	-1.8171217074	0.1127752420
2.7615394688	7.6118011052	2.0091289065
-0.9571916805	7.4063323966	0.7294909722
5.0268558401	-4.7371143855	0.2123399444
1.0488989142	1.4236967442	1.5955606976
6.0985089507	-3.0219850955	0.7572766155
-7.8998147683	5.3379043046	0.2925468153
-9.1455321766	-5.9427633771	2.3896289093
-0.2904606796	3.4007312443	1.8258540610
-2.6347071694	-2.0668131156	1.1376337140
-7.8311268620	7.8873285341	0.4317157539
1.8427330621	-1.8180292435	1.6638691366
5.7932727822	4.7004873575	0.3333074271
-1.0198295661	9.8028473416	0.5016448446
9.7835318701	-7.9672289345	0.1432530865
3.3880301966	-1.4051663867	0.4208893611
-3.0897755256	-6.5853743647	1.2347899879
2.8272924795	8.4583609056	1.1664087320
-6.7775675290	-8.5233910216	1.0288576412
-1.0557780020	-0.5498983616	2.5948362682
4.9842592148	-6.2461482000	0.2693762412
-3.7905597240	-9.5809011606	1.8475905637
6.0422481236	6.8608821603	1.4839806274
4.7644767362	5.0523164901	2.2436198727
-6.1731638520	0.3649352308	1.4524750996
7.8789073617	5.1577392342	1.3620163603
7.1909674135	6.6858745846	4.8840296640
9.7212171334	0.0131467780	1.3260370625
4.2889846458	8.3508499418	2.0990995085
4.1465096993	5.6086866026	0.1668053102
3.6989360326	8.9318166646	1.7421847131
-9.7958136767	-7.3886286389	0.5822415365
-3.0085921698	8.9940402859	2.4662767422
5.0687195072	6.8796223457	2.1236123851
