Customers 150
Drones 42
Coordinate X 		 Coordinate Y 		 Demand
9.0523826010	-17.7261988740	0.5724975576
13.9399076105	-7.0417892631	1.6152051720
-3.3669154690	8.9825298510	1.2429585874
12.5712604667	-13.9198488704	2.1975907916
19.4158359185	-9.2650776947	1.6893323850
4.4173284241	-19.0812230106	2.0306834260
-19.7983270840	4.0709169379	1.1269119953
-12.8687388874	-3.2271034920	1.9113906787
-16.4396922198	-17.1994841289	2.1797052612
19.7181866206	19.7099924764	1.2203161638
16.6184350397	18.8424467173	2.1615271355
8.3052054006	-0.3927125480	1.5546129139
13.9129809605	-3.8683261864	0.3911799015
-14.5705432004	-7.1602415255	1.0091821798
7.7155417358	5.2520016410	2.1764872125
-10.7495061197	-16.7286024831	0.0534838924
-4.7657315023	-3.5499681795	0.7269475368
19.0932327530	4.2059246004	0.5762246563
4.0994359369	18.6867107892	1.3797727127
-6.2722858287	-6.0467642477	2.5710318308
7.5389582881	2.3827352115	0.6490769571
8.7919313904	-12.3321789515	0.3544738707
-9.3499024849	13.5140441824	3.1673635060
-0.2360239494	18.1154006472	2.0564111277
-0.8263954939	-3.2863350204	1.7294839320
6.8897474402	-11.9759582297	1.8004106358
12.1765634428	-4.9638421876	1.5082929797
8.4724855438	-13.3240094668	1.4260236645
10.0501685338	4.0409021846	1.5610694274
18.9303604160	13.3964800884	1.7824703052
19.2286946312	-12.1495109051	2.2770631532
-1.9716172447	0.5957623963	0.4719056132
5.0359132730	-5.1595463548	1.0916778785
7.6908858022	-0.9793907086	0.3386872508
14.0651933201	0.6166066175	1.0025330363
-17.1991866626	-2.1284606029	0.9019110729
17.4995475622	-4.0637798452	1.4431235047
12.3920850610	-17.5579843369	0.5534803898
-3.2221304695	7.2293001767	1.0294113237
-2.3587339163	1.9358673963	2.7651295511
-16.9863861561	-12.6237817508	2.8507339702
3.0648168781	-9.8808163540	1.8035791093
11.5721622401	4.3979298787	2.0919923971
-12.6718522634	11.4629267454	0.8703544538
3.2131366655	5.7150498607	1.7768794786
10.0727448467	15.4325268818	0.1230895321
-6.7960987234	5.6320197015	0.3047268233
-18.8323856177	-8.4193128784	0.8910252288
19.8105090657	-6.2973750716	0.0376796116
-11.2087106307	-11.9003268248	1.9377018146
-6.4276695087	-8.3668928593	1.6187017426
12.7506549624	-13.5106829683	1.0411995790
-1.2333602049	16.3791295116	1.7824059724
-0.5571622133	-5.0030022821	0.3082369457
8.4693722460	-2.9071656645	0.9907327547
4.8664158744	13.4858435138	0.5546739097
4.6183437867	-16.4237501615	1.4949842779
2.0881933602	12.3874054675	4.4802697836
-15.5148545683	-6.1027041243	0.8672384590
-0.4282133699	-1.6049436255	0.3770561846
-15.0380125009	18.8246382823	1.1159533701
6.7742848646	9.5543623843	2.1639149144
-13.9302668546	-9.2623647588	0.6521787626
-6.5827757814	12.4066721603	2.4734960195
5.0933757229	14.6676388489	1.9187624129
-1.1618790041	3.8421835697	3.3773308512
-17.2487990816	9.1268883847	1.5673162526
-2.1711632612	-9.6812644875	1.2339603346
-7.1960995882	-5.6187454079	0.6927082204
19.3669922760	7.1025625145	1.2769644462
-3.4901353976	-4.1769186876	0.7598453752
-15.3532859180	-9.8127167632	0.4569046580
13.3329291881	-19.8996290365	1.4825137053
-19.1850691149	3.5473554613	0.4639275688
-10.6911947688	11.6585754038	0.0390409005
16.8195053661	14.3822511199	2.0639361670
14.4764511053	-12.6487759294	1.6345467193
-2.2245873726	19.0076134322	0.2831091806
-9.2193604996	-3.2243380395	2.0445474237
-15.7447488313	12.0496279640	2.4944303720
-18.1480355306	5.9901230816	0.8996795666
12.9103108634	-18.4011306281	1.5212044546
6.0705366272	12.2684098595	0.0963087272
4.8284625124	2.9798702506	1.8266920412
4.3196254930	-12.4515812696	2.3427889841
18.0351068806	-6.2073347938	1.8256849701
3.8354860591	18.2307600506	0.4761384772
-9.4565495243	-17.1174449200	0.5517317024
-10.4403645681	18.9837277559	1.3088970553
10.3603385222	-4.1056582347	1.8804121653
4.3998133509	8.2108701778	0.8909312288
-1.1460914826	-9.9327086435	0.4632158823
9.8058867670	-17.1626001339	1.9376201666
-16.1106899781	0.9270656422	1.2003915776
8.0669486795	0.0717126023	1.3675142433
-10.8612605339	-6.4691224052	0.7000330710
17.7358538282	3.7982412321	2.2842528861
15.9720442700	0.9221177235	2.2956673700
-16.4125517053	-16.7420816233	0.5261391034
4.3341387986	-17.5492921623	4.5995971557
-7.4832623039	-18.3275177055	2.3725067212
-10.9845090799	4.6154222317	1.9543575718
16.7832543027	2.4688752162	1.6036168723
-2.2780786079	-2.9155662669	1.1092699920
16.0078543530	-9.2399984952	0.4705372610
7.3499763317	-13.4496673282	3.5825678274
-0.6717812892	-2.2619303664	0.1130876448
4.8741051615	1.0758687616	1.8917232872
19.1192830726	5.6367927824	2.2986261231
9.2519147177	7.5866648457	0.5370188709
-2.3151306193	-19.0813157361	2.4954386754
0.7537375739	15.1671510068	0.5747098544
18.3267532905	13.3436918867	1.3434978224
-5.8772400644	6.8159772336	0.6428818515
2.1974253423	8.5754459079	1.4073570477
-18.0280221440	12.3171445005	0.1947738815
-17.6572088833	11.9813393529	1.7209448693
4.8242089473	4.8831085774	1.5759978924
-3.6589334672	11.2827174410	0.7590258879
14.2014274441	-5.7738937365	3.3645130772
-11.0558897093	-4.2885934850	1.5950935403
5.1696608226	18.7139574654	2.4303056504
6.1274523000	19.3288464020	1.1304601147
-15.2542916227	-10.7334140398	1.7579841932
11.9552574131	-13.8359341599	0.9043102648
-7.4280803359	-12.3504838614	1.2779824137
-10.3335134170	4.8267586390	0.1194830394
0.2652952978	-8.1794099430	0.3070162053
-1.6115025523	10.2517088543	2.1437485350
5.8471494993	10.9861570288	1.2864638580
-13.1156645673	0.2308068466	1.3713440935
9.6595936074	-16.9770118689	2.2442067667
15.7399666134	4.3889203003	0.4545366934
8.1750802451	-3.0778395963	1.4546043302
-10.6023010416	-6.7401394158	1.0399763264
-7.8947299621	12.9111693781	0.4321302081
9.4420542215	-14.8813042869	3.6674092837
-14.7845385308	-17.0894969113	0.7179776783
-9.4556786905	18.2266601269	0.4308952172
10.2508353385	3.9809531914	1.1945538379
-9.5279451170	-13.8550853668	0.2661598824
-1.6192303927	-12.5821128958	1.6733187960
-4.4302341880	-16.2265953560	1.0757378143
-11.4325313522	16.1487475549	1.2032370593
-6.8829461663	-18.2289391871	1.3747825904
13.2651605922	13.0900252068	0.1721057882
11.9704281396	17.0136024225	0.9884425198
-3.1438946914	-6.8800462399	0.8980261731
-17.1049263110	16.7451897156	1.5951902822
3.2296765362	-18.6768247131	2.0332828882
