Customers 150
Drones 45
Coordinate X 		 Coordinate Y 		 Demand
4.4885669562	2.3455468077	1.6421995935
2.4584155123	-0.9034043700	1.7539575951
6.8817486875	2.7411093971	0.2205552957
8.2168907418	-3.9968174678	2.0151647200
2.9767679811	-1.3603231260	0.7704782808
-2.0167513749	4.0172615294	1.0047963138
-0.6904558707	9.3510485880	0.0009516879
-0.3069942031	9.5639329004	1.1847647942
-4.0454190166	-1.1141104588	0.3150574947
8.8400870147	6.5976584883	0.0282088498
1.7023684791	3.7333853782	2.2768194372
1.5723161670	-3.9080504352	1.9642569374
-3.5793775402	5.5668725612	1.1046879988
-4.2089382035	-3.4101551106	1.1316592515
-1.5100105602	7.3930737714	1.5373703527
-9.3543448257	-3.1691900630	0.8494916498
0.2048376577	-3.3394385042	1.0427084449
-0.1867893434	6.4696710516	1.3381334614
-0.9702405796	3.8430731359	1.9653081939
-1.0455314054	5.9032198198	0.3487239822
-2.3975857165	-9.9866915040	1.3336231633
-7.2637063418	1.2201069376	3.6198004089
-9.6266650582	1.9228271745	1.9484542375
-8.1885578602	-4.7103485265	2.1208125637
-0.2266822260	-1.8963231347	2.2897581408
-4.8537636877	-8.9948072983	1.9612436708
9.7990293029	-5.4926270748	0.6388991179
-1.9132419319	7.6976063841	1.8809961600
9.9074512624	3.1968591701	4.4784386731
-8.4458026205	-3.2653874753	0.8477899372
7.1097837575	2.6070701064	0.1111120034
2.7599745125	7.3215007986	2.3242491973
9.1554430695	2.8897220290	2.3865826108
-7.1687387464	-1.4811048358	0.6863907787
6.6967665881	-5.1420412960	2.1999558345
-8.2624693408	-1.5068171823	3.3515427107
7.3250579943	-3.9535255506	1.5720286329
-4.0912461152	-2.9847604200	2.8102969451
-0.6314024548	-7.5972595203	0.9376593770
-1.0641238655	2.2230651012	2.1017160093
8.3432331495	-0.8750383498	0.1860665378
-9.2558125432	-2.3360354072	2.3611287301
-6.0538051820	9.1623842508	2.0383164422
5.6302259428	0.6318912185	0.2808457111
0.4837372986	2.8935845184	1.4827028223
4.5528256226	7.8155851078	0.0794618680
-1.3767484561	-2.5016413328	0.6137211520
2.0689414025	-0.7268779186	1.3026336989
1.3604606988	-0.4611566403	1.3453414439
-6.6951228031	-3.2514894163	2.0640770392
2.0923312729	9.2654881644	2.3006378368
1.3535336520	-2.6540523221	2.2262927808
7.6863218885	-9.8364930152	1.1539867433
-9.5116869102	8.5773718546	1.8042231712
4.4365932682	2.2554343272	1.6050126191
-4.4157059528	-4.2010727675	0.5000424351
-0.2021923374	2.6754063880	0.2325240690
3.1373090136	-1.9480289085	2.4022844673
7.7871412333	2.0308019191	1.0466037384
4.2715489183	-6.6757512936	0.5075107978
-9.0548676227	-9.9331459410	1.6260790936
5.1263129219	-0.7531443535	1.3477218567
-3.2540037884	9.1498715154	0.1315692299
5.0125400255	0.2426191105	0.6317150209
-8.6519761147	-0.9153136025	4.4259468368
-2.2702638641	-2.8584804937	1.4335918545
-1.4253044050	1.7819550133	0.1254733450
-3.5660709241	0.2787765404	1.1708426160
-2.9828655359	-0.7090640667	0.1196462075
7.4472724805	-7.9087713709	4.3444624165
-6.8514825020	3.7133762554	1.0432348433
3.3999267471	-9.7723735322	0.7662703644
-6.6589207322	2.5141215818	0.5334351221
-8.9051606802	7.1884700165	1.2139958165
2.6763270675	7.7440807894	3.7859736930
-5.5139500554	7.5110066103	0.8615142948
3.4390938112	2.6911707926	2.2550602357
-1.8388533977	8.5150279463	2.2573873049
-8.8139470736	4.4748629915	0.8201500566
1.7184982019	-4.3749266266	1.4942866986
-8.7206768486	6.0999600306	0.1489674729
0.4298863157	8.2846839411	1.9700117432
3.7757846599	6.4852247116	0.5937463023
-7.4208381107	-2.5216855128	0.1194845483
9.5627324844	1.9824874487	2.3966375940
-1.1324467705	0.8765418113	0.9009257207
-4.3695046323	-2.0981421624	1.1982403956
4.2762501628	6.6201867928	3.5143589587
2.3726407968	3.5586644884	2.0844920631
-2.2231142512	1.7589773277	1.8960372168
0.8043918169	-0.6422514533	0.2676227641
-9.7194537486	6.3603793274	0.6158217171
-7.4101145305	9.4307349041	2.1218770122
-3.7840682021	-0.6957852424	1.5126714743
-9.2311115322	-1.6580909465	0.9197047016
9.1272884433	6.7787006664	2.8530228584
4.0736063604	-4.6216801318	2.2391256158
6.6827440537	9.4935256453	0.0767152151
-7.2737968604	-5.0602632947	2.1379698999
5.4836718558	9.6255927560	1.7774354406
8.6076575601	6.5440860290	1.8156980394
-8.9343036656	3.5130547540	3.7170018616
-2.3114154027	-7.0360089607	0.6085034146
-6.5180172417	-8.8867342760	2.1876522148
7.6126430980	0.0100390532	2.2884000227
3.8594239740	-1.7597296605	0.0342975482
8.3231579022	6.4764038489	3.6327707755
-7.6816501965	-7.4025360494	1.0314661192
-1.3764214677	7.7644445920	0.3896792601
-7.3536063040	-0.3789607998	2.4328082363
-3.4375995075	-8.3000907023	0.7708466809
4.1171260250	9.1498516260	0.3234455297
-3.4668232112	-9.9406306325	0.9660001176
5.8440956856	8.9373260585	1.4010078569
0.9802390078	-5.6784992154	1.2512921291
4.0608922130	6.0210265881	1.2588981390
-0.3992404140	9.1588523646	1.4186529130
-2.2821399056	1.9655201042	1.9549875204
-6.0662258386	2.1857105381	0.4206828413
-7.2139119246	-7.0058433713	2.2739452298
-9.7732065942	-6.5223023671	0.9705022796
0.6592993195	-8.9746147287	2.2164052542
8.4706281445	-6.6212807589	1.9597859358
1.0442659701	6.6292440773	1.3731733291
0.4930504564	2.1108939165	0.1481610864
-5.2696237942	-0.0803664940	1.4676773061
-4.9980805183	9.7030848077	1.3301866692
-3.3710275773	-9.6019886350	1.4748643453
-7.5316052251	-0.2463417216	2.7919858394
4.4730956381	1.7641262382	4.9841303751
-2.2591386863	5.5430999985	0.2967644670
3.5682510224	2.7094163561	0.0238040182
3.2801942167	-7.9878952366	0.5122583401
-7.0151764533	9.7087006313	2.4524331492
0.9069847460	2.1207739563	0.4052475047
3.5827734021	2.8257868707	1.6216680312
4.9513552018	-8.8954611557	1.3944049729
3.2592266206	-9.4513819235	2.0473532399
-5.3040131825	-2.8575618891	1.6648449651
9.8095945763	4.6695864660	2.4249866230
9.0029851342	1.9533757150	1.9291856928
-3.2071578835	-8.7733601516	1.7134291787
-8.9847931872	-0.1640216129	0.4562517167
2.7915318940	8.5208000039	0.0606870854
5.8226775787	-1.3323150374	0.4460598565
-0.5427313271	8.2257273900	1.1049678466
-1.0152790637	1.3786899937	1.0229668877
-1.2678301618	0.6049472000	0.3092146114
8.7984239197	1.4163596819	1.1073909626
4.6369842405	9.8523679706	2.1123211747
