Customers 200
Drones 57
Coordinate X 		 Coordinate Y 		 Demand
8.9018852237	-12.8916127031	0.2119015922
-4.1062455614	3.4281717831	1.8927100554
-9.1060903771	1.9819071414	1.6981520413
-19.7036974996	-2.0674210009	1.8327387229
-7.5087645901	3.8237851907	2.3516241393
-12.4843345197	-4.8497320640	2.4789091642
17.0365030050	-6.6667225858	1.3749913805
11.6407620750	1.4828350934	0.4581389469
0.2580161536	12.7430422938	0.9504097656
15.6421608423	6.6806414770	1.3361015359
-9.8089623152	-3.9089058007	2.3921117762
-2.0159413286	-15.2394891928	2.3739009237
11.7695082825	-13.8641835688	1.8181961335
-2.2652096135	-6.4803795130	1.2541363603
-13.7555833807	-15.6797065555	0.8982535675
13.3321274130	4.0518410389	1.6454993698
5.5850821332	-9.8077858375	1.3584693530
-19.8403901265	-18.3272409902	0.9833063753
-7.9803988513	-3.3144188418	0.0508437123
2.0901608030	-10.3403564729	0.4022599669
-17.1293011539	-2.3295018234	2.0181694440
2.1532426465	17.2126067019	1.1141244431
10.8432428482	-5.8227348885	2.1114090901
7.4817931047	3.0432058428	0.7003997925
-0.0803334101	-4.2989581145	1.3411110175
13.6951966171	15.9967296324	2.1220766313
-12.9804450390	-17.0066655156	2.2695052562
-16.1254538676	4.1144338110	2.3359686555
-10.4203640803	8.7465350918	0.8749203502
-12.7135703020	13.5419694143	2.6895962401
9.2104403988	-17.4222092654	0.4451609281
13.0115146988	-11.3097586057	1.6765927815
-8.4141403989	16.7184350668	1.1814873802
3.6341592121	-4.9450292308	1.0340943066
12.7218730325	18.8152287946	2.3198379989
-15.8506912966	-3.8988087223	2.2305184149
11.8006856072	-11.7503223573	1.7009338355
11.2429310743	5.6189414648	2.2497220123
0.6965194580	2.3816617422	0.8459074675
-1.8977627380	6.9563930086	1.2344579936
10.3593187540	9.1236283515	1.7190963572
-0.0880676469	0.5366747252	0.4186783138
4.2126176279	-7.7483922796	1.9846404873
-4.8072433694	-8.9353618716	2.1913369683
-1.2781862790	5.8592876168	1.1885260914
8.1385576437	15.8298129535	0.0358342411
1.2891043027	-15.6385856289	0.9227154435
-12.8918481762	5.5118012042	1.7142422062
-14.3686668664	4.4527485103	0.1530032763
-15.5717817736	-1.1056314365	2.1904523011
14.7969940040	5.4288449209	2.9517065072
-7.3365203546	2.8944742760	0.9113859455
-8.0213522410	-15.7251015723	0.5255674770
2.5104145725	-0.6875097033	1.1904082227
9.2770008268	11.9289017811	2.2192925208
17.4707597182	9.7098660120	0.0620855785
-5.4271125400	-12.8746236906	1.4700638973
10.4610432902	19.8204794946	1.8327890866
6.6634200977	14.2259112046	1.2259689805
17.5144090429	14.9019378551	0.3337587250
18.8185426060	-18.5572226423	2.1362047798
13.7309668229	-12.5669397983	1.4583432210
0.9142522969	5.8618508203	2.1109596971
-13.3670635204	-11.4361951221	1.2899339851
0.2987198185	-18.3288926628	0.4981468827
-7.9191764522	-15.2761055446	1.8773550830
11.5475820576	-1.9990689275	1.1836304747
-12.0931204352	10.7963700529	0.4392777270
-4.7353613632	2.7824885450	2.0465841946
10.4220970501	1.2623514060	1.8543233800
16.0842053895	19.0304249014	1.3266243487
-11.0470059015	10.7232226346	1.0756360708
0.0313866909	-10.0438840404	2.0843565761
-16.4355730097	-14.7934753953	1.9640641015
-18.6034969612	19.3177483497	1.5619778167
1.1246944124	15.6617765134	2.1590924971
-0.7200758606	-16.5865420924	0.3755737520
-5.1308268142	15.0524983532	1.7316654664
13.9635728014	-18.8762105905	2.0957526894
-17.3812577652	10.4506661255	1.4880413587
-16.7346712677	18.4097176370	0.9735404523
-11.1907650044	11.5398663925	2.4188190318
9.0326014163	13.6724889867	1.0911838029
5.4881856407	-13.0666123017	0.6349375896
-6.0686961513	-19.6184683394	2.4504862411
17.4351072295	9.7135014428	2.4761665085
18.6864954119	13.3766712996	1.9203423513
-13.4384498244	3.5981914952	2.3370979194
19.9309271593	-4.7490703983	0.3600870336
-19.2527961230	11.1415681415	1.9116622682
-1.1822448911	-10.7798765869	2.5164036988
2.2682776801	-4.6257740468	0.7684275145
0.5536545151	14.8855397502	0.5478015075
0.9744177656	-3.7102066117	1.8249513337
-4.9913960006	-6.7040757924	0.4718951972
7.3704131148	-6.4160737371	0.6489496780
-1.4414289828	17.7150382408	2.1939983828
10.7589325407	-2.9480151424	0.3577630974
-12.6826357362	-3.4989721516	0.4468002970
17.6005486246	16.0516625902	1.7352603043
1.9138925444	4.5038612254	1.2588894322
15.2472938214	9.4367973803	1.3103205244
13.9710834905	9.3870883448	0.4252754295
16.2060096410	7.3686291631	0.7660344004
14.4427168467	9.2801553039	1.6062627844
8.0877189681	6.4107486861	1.6737650819
-6.0355871019	-11.8324536420	0.0891140477
4.3992946486	9.3139864448	0.1712089512
15.3750310566	-14.5790156066	0.9807323971
1.3336594702	-9.1025080450	1.8285975644
-11.4352668148	-14.1190458810	1.5462547236
15.7147671224	-18.5677439069	0.0721811305
7.8059538647	-13.1062150126	0.5885024129
-10.7463765972	-11.0666735956	2.1591338997
1.7235312851	8.7105566344	1.0952272104
-5.7284084081	11.7669606600	2.3230224338
16.0602472271	-15.3459304907	2.0316480216
-13.9527685697	2.9789724352	2.3339771112
19.3940295168	-2.5398752885	0.0823397948
-3.0570757388	17.7505196551	1.2743003632
11.9630627366	18.1993840165	3.6407055879
-2.5324641405	-14.6124163802	2.0025048580
-12.2449403182	-5.8139694374	0.2891118314
19.4313560991	-2.7496108431	0.9883624277
-9.9830561834	-17.7204895780	1.9180883206
-13.6504160330	12.0290166933	1.6573721985
-9.6588086564	-6.0144200041	3.5713248599
-13.7494056069	9.7714554029	2.2195198766
11.4850816518	-11.2370751445	0.8504765868
12.0452336491	-3.9296520760	2.4130305659
4.0791098219	-18.0584062567	1.7221848033
4.6134098864	-12.1853227065	0.3034012697
-2.6191891505	3.6594993494	0.5699799867
3.7642139416	1.9126415256	4.0299691763
14.2302394296	15.2232352412	0.1413006989
-17.7741770257	-1.6080207031	0.3112058915
10.3633671818	19.2994590681	1.0192038513
-12.1785549868	19.2839692173	0.8767288388
-11.7603728475	10.3430929128	0.3987946758
-11.0124564370	14.6973932688	1.1554194081
5.5398862498	-18.3314123691	1.0922115031
-11.2094011413	17.4886722894	1.7535395615
8.4910608431	15.5705077121	1.7961775805
-17.4013422640	17.9344530569	1.4181371115
-9.8263435188	12.8996796335	2.0173371598
-15.4360864965	19.8128843531	2.0378299050
-16.0315449906	-11.4988436399	2.1303445540
-1.9274265520	9.2998338479	4.7032074953
12.2986219899	-11.0797509881	0.6195916057
15.3182604259	18.0862977877	2.1913594984
0.8234699269	18.7828768630	1.5911324665
-18.8447959146	-7.8767515282	0.8825644268
-1.7598685752	12.2564816241	1.1865830084
-13.6125422580	-12.5998210483	1.7051244787
11.8493947680	15.9977550881	2.2554987688
5.6504110538	-15.8364145320	1.6256419640
19.0419444285	-0.0065587095	2.1879537930
-14.9591681609	-19.0183597961	1.2899854377
4.8612706112	2.7004476598	1.9739340614
14.6516919816	0.0613064937	2.0637159030
5.7994793176	6.8915254163	0.3376873074
11.1680355023	5.2241505554	1.4833111334
-10.0177302799	-7.3872317024	1.0781877658
-14.3198786068	-16.0529151027	1.7373271122
13.8993177768	-16.3408300996	3.9579454939
-18.1298878963	14.8743114768	1.4216378722
-14.1636787422	-6.0254883326	0.6303912272
19.7285387872	-7.7932987500	1.4378946191
16.1649555422	-9.6181975656	2.2318850409
-10.0431926554	8.3748683558	1.5293442451
-15.3530109006	-1.9494581340	2.2746971038
14.2119873961	6.4021836192	2.0731480968
4.9088059270	5.1070504515	0.2850372633
-3.6498645941	3.3639811492	1.3733417968
-3.7574045172	12.7941130546	0.7605436128
19.8244069059	-3.6507981805	1.8235762905
-17.1095524526	-12.4138073014	0.0447096164
16.3941956303	-7.6692609692	1.4337812722
-9.0323943002	1.6664553213	0.2116631655
-18.6984302929	13.3507105774	0.3398910702
-16.8188661676	18.1718684380	1.6766720595
-19.9287683073	18.4269336369	0.0407742361
1.5002449152	-12.3873947893	2.3506342347
2.0902717002	13.5868377341	1.2315069387
17.9345360047	11.8720296754	0.0654663100
6.1239508389	-8.5649314412	1.7271307547
3.5763837752	-17.8065175925	0.9691786551
-7.0762280035	-8.3389673144	1.5960362778
16.0637532096	-12.4398531539	0.1915614481
-9.9159143877	-16.1073654131	0.7471120791
-4.3803390872	-0.1257793753	1.5700820660
4.3034812147	4.3024556892	2.3398003844
9.8245573073	-7.6583365122	0.3192236091
6.2072114771	-12.6273770113	1.0111997992
17.2778599359	17.4687506071	1.5387792794
-17.1130971565	-15.7753791491	0.5393557610
-9.6950987630	-18.9232968205	1.2261212926
-16.6861942635	-11.0797067867	1.1868795892
6.8655382154	18.7406266084	1.0043641469
11.7818202204	4.1402877275	0.0940362337
