Customers 200
Drones 61
Coordinate X 		 Coordinate Y 		 Demand
6.7704747786	-7.6903260331	1.7623982238
-1.8008384386	-13.9725966675	0.8281226339
11.7574164602	5.8618196241	0.0688241444
10.3940762003	1.0416671289	1.3034487801
11.1963020988	14.6872997387	0.5497143130
1.2002883756	-7.5319804426	0.8553877219
-0.2443913283	6.7109827629	1.6026795251
-6.5878662472	-6.8315852958	0.0025153590
-10.2425553202	-9.1567969958	1.5581560057
-5.7208631824	-6.8461740706	2.4896137382
-10.8395979426	1.2879161967	1.4230780969
-5.0612390672	-12.1503814916	0.8578275884
-4.8331981409	10.8492733364	2.2956826130
10.6102594471	-5.2851984671	1.5115817743
3.1027657368	-13.6774618468	0.2967815677
-0.0519257707	-9.9488962730	0.3188197991
7.7195533757	-3.4447034909	3.6982329783
-10.5467781461	-4.6622021740	0.8301942580
11.5645972316	-8.7351077395	1.5749512188
-13.6589087661	9.9282277860	1.9797000420
2.5706865838	-13.8019779972	0.8772590258
-9.2358876247	4.4439636950	0.0644156452
-9.4882836225	-12.2815644706	0.5460533183
5.7877086482	-13.2974736416	2.0778782358
-10.5265393070	-12.5913289285	3.9797662282
11.0179924723	9.5146173850	1.0206883266
-9.0122036271	4.7717647728	1.2184950258
-6.7203775980	-2.8132016904	0.7443478048
9.9788096001	13.6188806774	1.8633778835
-14.7577214003	-4.9344532464	2.5206762902
-6.8307611037	-14.7712201013	2.3884127824
10.3941789319	13.9586315975	0.2560201536
-12.9043218288	-11.1349120139	1.5121921445
-9.7389263231	-1.2302476232	4.8814355907
10.3809796561	-2.2627170412	2.1200343916
7.2691725944	8.1823609584	1.5400122966
12.4123029273	-14.0086528469	1.4860918683
4.1504197709	9.7286274725	0.4195206665
8.0732335378	9.8160203282	0.1654940081
-11.7114288909	-7.9205334532	3.6814477981
5.6784234967	3.2505898007	1.6640466458
-13.0954978325	-6.1084260296	1.9894289953
12.7591786781	-13.2198429353	2.0741004245
-3.5208133093	-13.9525907200	0.6738515272
-8.1515628689	14.3043168915	0.0121539141
-2.6872150634	1.6240558458	1.7752136317
5.9135765593	1.5651894824	1.2410582662
-8.3817221076	-14.5730955475	0.1948947436
-9.4145155648	6.6207342931	3.2416760765
1.0480831341	12.4240917305	0.3131602600
7.8323310311	10.4492979505	0.1456425217
-2.9479055438	1.9176325038	0.6028973129
13.2264808418	-6.7286816028	0.7395995627
14.9655754382	11.7871847862	1.1313211463
6.4529829061	-0.3258656687	2.0288260553
-9.7746448902	14.6423853731	2.4586802898
2.2080761717	13.1258281132	1.9074975168
2.6127511869	-14.7803121675	0.6021884676
-13.8638565185	7.9640487484	1.7603602312
1.9216674762	-4.1403473105	2.2900122045
-2.0464405089	14.4457460216	2.1193286237
-14.0497008087	-5.5993911336	0.4406409845
11.4078649765	9.9437532293	2.1453089308
-10.7851181760	-3.6753542156	1.8595689952
8.2206996551	-3.1238376748	1.2653264788
-1.7160712851	-9.5081481640	1.8982512894
-9.3370514453	5.4544215500	1.9200352710
7.1313829073	5.2987561755	0.6848465356
14.9105172890	6.8360955607	0.5016875495
13.4071322292	9.5968955718	0.5398576205
4.8291910502	-0.2317713651	1.6876418273
4.0233205636	-9.7925449987	0.5600265601
13.3370040789	1.3072462726	1.9994875233
-14.0451147485	-14.6320875591	1.5472836389
-14.0074338507	9.7013279476	1.5428637447
5.6527775064	10.9466291631	0.8297955553
8.9577721602	-14.9788027174	1.0080512248
-12.0317205342	3.7613211363	1.7745352345
-9.0166534886	-9.3747373750	1.6364149432
12.9868745363	3.8373508177	0.6651169376
-13.4343558916	-13.9549584439	1.4827755230
6.6700987386	-5.0582234925	0.8374735756
4.9231607926	-0.6231822674	1.9287878817
-11.2961879482	0.2290920709	1.3449507126
-13.0588211603	4.7654530895	1.5274051750
-11.5486697959	-12.6653966403	1.5174318746
9.7329907134	8.0663089441	0.0944547868
7.4098503193	14.7513707874	0.0159594053
5.9661376673	11.2711965692	2.4007620331
-5.9313880135	8.8266596955	3.0825220496
2.6021025839	13.7843092132	2.3498284197
14.5672273844	8.2138353420	0.5140844939
1.1978858202	6.1340679812	2.3379273362
0.0526209099	10.1156403489	1.3044849013
9.4179188716	9.2068109769	2.3926511429
-10.8669860453	0.1547889816	1.1081858699
-9.0952694587	9.5882806992	1.4358771418
-8.6726058382	5.2078216844	1.5560166641
-11.8431744319	9.0988276900	0.7654162894
14.9089054762	-13.9618500012	1.8055522105
-9.4378022229	-5.8917161363	1.3535705063
0.0405931802	-5.9357613581	1.8470180577
-2.7640804010	-2.2835668723	0.4385790283
5.6019520752	4.0988497286	0.6353973996
11.8102490235	-14.6149800190	1.0764915149
-14.3952998472	12.3953015056	1.4413191552
13.8256884555	-7.8927631097	0.1627249044
-1.4037725175	6.8366668032	2.4383042064
-11.1285690485	-13.2993807168	2.4956438354
-9.0508454951	-6.3961482751	4.1880550554
-12.8763652124	-3.6907032192	1.0872413439
12.4354313524	2.1585010184	2.1576217337
7.4299651886	11.7015306271	2.0509985999
-10.0165721894	-2.1233483539	0.0622571990
-8.4111681230	11.4484727502	0.5220020872
-6.9835649655	-0.8309147537	1.3828153131
10.9717753513	0.5700958588	3.4803308206
11.2710346698	13.4243146388	0.8689944227
-14.8625795039	-3.2657858615	0.6462449096
13.4937576107	13.6101311481	1.8947700190
-10.4145480027	-5.4054482241	1.3868964658
12.9144797730	4.8696713683	0.6923388641
-2.7009597778	6.3537826726	2.5028229621
-7.1050128263	-2.0520848322	2.4630472260
6.2241539348	14.1374800273	1.4855938596
3.6511476369	13.7845746733	0.5078807111
12.3342025853	7.2649221704	1.3563842493
-1.5528658417	11.1093010090	0.1450939662
-14.5715538887	-14.9973162846	1.0948698769
5.1601227177	-3.6248580685	2.3075583528
12.3125986712	-7.1130467265	0.1798175638
6.6139223149	12.8662019456	2.3374058506
-0.4899198830	-1.7994876172	1.3071105756
-9.4200478061	13.3154306665	0.1205472699
-14.8476581478	-12.3096824317	1.6617333859
7.8440215710	-12.1315221736	0.8286427910
-12.8032949903	-11.8883831683	4.4318979461
-5.7626555080	6.7295605826	1.1611028531
2.6201539145	-12.3154510301	0.8422118371
-9.9697850426	-5.6747303203	1.6046980996
-0.2624796934	14.0491456212	0.8205018440
-12.4131944361	-10.6777365237	0.8533555654
-6.7075136876	1.8046913665	1.6124778001
-4.3204997291	2.3347739284	1.6557203889
-0.5301344428	-9.7806272613	1.0652083706
-13.6387855165	0.6578764474	0.4830598450
5.4775745379	-0.8038537919	0.9999506300
-2.2058625756	-13.1375493709	0.0708029420
5.8467485063	-10.9192254503	1.4325905463
13.9333309844	-4.4122280732	1.2262956131
-14.9015629950	-12.6020367737	1.3927465487
-0.5363752782	-9.6323255491	2.4203422212
3.9253071553	-6.8984678912	2.1716149476
-4.1117541087	9.8262220632	1.1284218879
13.5368070488	-3.5754344308	1.9536343759
12.1676176913	-9.9211812160	1.4260587234
-9.6837877975	9.9154760440	1.4120485606
-9.1932315886	-12.3252933676	4.7712637715
0.4380036281	13.7459144910	3.6780907620
-12.2102146629	4.9167781181	1.4186923583
-8.4059925951	-4.1235275504	2.0813440840
-7.7402494920	6.8946508347	0.9103030549
-13.5232608335	5.1661093507	1.9139299697
-10.6573999916	7.0669289142	1.5833596518
10.1683854014	-6.9887607190	1.1359785043
7.0133423217	-14.2713938318	1.2889164044
-8.9161347977	6.6004249298	4.1096224860
-14.5969308421	13.1995278531	2.4925807204
2.6164032456	14.3706037582	2.3572446978
4.4452003206	-2.9301321041	1.9076277901
-9.8659439283	1.7507916599	2.3419030580
3.2594025051	10.3385467885	1.9269733444
-4.5243683877	-7.2208003397	1.4614960445
-7.8283855716	4.7805284351	2.4965835883
8.5944290589	-9.3202957721	3.8854640339
-4.2313833808	1.3789455237	1.2660603656
-6.5017513697	-12.0164010783	2.2748445153
-7.1144125661	-2.8420308697	1.7407757805
13.1341016858	-5.7174228864	2.4143498537
6.9250780359	5.2523835289	1.2220675018
-4.6339379749	7.1988786493	0.2223115849
-2.5941545514	-7.4502116054	0.7797694233
9.6946903863	9.6585298477	2.2382646721
-8.8600171008	-3.2586323066	0.5980819035
11.8664772289	-5.9463686172	1.8814323210
-1.0632163412	-7.8828290840	1.4681808923
1.0217387200	-8.6203861633	1.7416913358
-8.7682262031	10.9418349948	1.9349531895
11.5293960350	0.9334098810	1.8503126697
3.5393560890	14.7466887635	2.3347125383
-0.8429085586	-6.3415230451	1.8143578796
0.1274962499	7.3741788030	0.1825560062
-11.2749410147	-10.2773920007	0.6801398448
1.8128970839	-10.8894533135	1.8019381541
-12.1077965276	8.4144652329	0.4454952907
1.2750892657	-11.2572916863	0.7140418125
-10.7771812510	-4.0552185426	0.1221456886
6.7878841197	-2.1247420275	1.4295223152
0.1823813196	-5.7618417093	1.4461582644
-7.2333822186	-0.6564541958	0.4102050692
